{"/source/game.json/Scenes":{"$components":"Persistance;Hierarchy;"},"/source/game.json/Assets":{"$components":"Persistance;Hierarchy;"},"/source/game.json/Scenes/Scene_71":{"LocalTransform":[1.0,0.0,0.0,0.0,0.0,1.0,0.0,0.0,0.0,0.0,1.0,0.0,0.0,0.0,0.0,1.0],"GlobalTransform":[1.0,0.0,0.0,0.0,0.0,1.0,0.0,0.0,0.0,0.0,1.0,0.0,0.0,0.0,0.0,1.0],"$components":"Persistance;Hierarchy;Scene;Transform;SceneNode;"},"/source/game.json/Scenes/Scene_71/SceneCam":{"StreamPath":"memory://4294967354.bin","LocalTransform":[0.9612616896629334,0.0,0.27563735842704775,0.0,-0.11866495758295059,0.9025852680206299,0.4138338565826416,0.0,-0.24878622591495515,-0.43051111698150637,0.8676206469535828,0.0,5.767215251922607,14.03537368774414,-8.078276634216309,1.0],"GlobalTransform":[0.9612616896629334,0.0,0.27563735842704775,0.0,-0.11866495758295059,0.9025852680206299,0.4138338565826416,0.0,-0.24878622591495515,-0.43051111698150637,0.8676206469535828,0.0,5.767215251922607,14.03537368774414,-8.078276634216309,1.0],"CameraClearColor":{"x":62,"y":140,"z":255,"w":254},"CameraClear":true,"CameraNearClip":1.0,"CameraFarClip":100.0,"CameraViewport":{"x":0.0,"y":0.0,"z":1.0,"w":1.0},"CameraRenderTarget":"/PlayerContext","CameraLayer":2,"CameraViewMatrix":[0.9612616896629334,-0.11866495013237,-0.24878622591495515,-0.0,7.450580596923828e-9,0.9025852680206299,-0.43051111698150637,0.0,0.27563735842704775,0.4138338565826416,0.8676206469535828,-0.0,-3.3171281814575197,-8.640690803527832,14.486068725585938,1.0],"CameraProjectionMatrix":[0.625,0.0,0.0,0.0,0.0,1.0,0.0,0.0,-0.0,-0.0,1.0202020406723023,1.0,0.0,0.0,-2.0202019214630129,0.0],"ScenePickerViewportLocation":{"x":0.5,"y":0.5},"ScenePickerLayers":0,"ScenePickerPickedEntity":"/source/game.json/Scenes/Scene_71/MeshInstance_73","FirstPersonDamping":20.0,"FirstPersonAcceleration":2.0,"FirstPersonSpeed":30.0,"FirstPersonActiveState":"/source/game.json/Conditions/IsInGameState","FirstPersonBackState":"/.editor/InputBindings/FpsBack","FirstPersonForwardState":"/.editor/InputBindings/FpsForward","FirstPersonLeftState":"/.editor/InputBindings/FpsLeft","FirstPersonRightState":"/.editor/InputBindings/FpsRight","FirstPersonUpState":"/.editor/InputBindings/FpsUp","FirstPersonDownState":"/.editor/InputBindings/FpsDown","FirstPersonLookLeftState":"/.editor/InputBindings/FpsLookLeft","FirstPersonLookRightState":"/.editor/InputBindings/FpsLookRight","FirstPersonLookUpState":"/.editor/InputBindings/FpsLookUp","FirstPersonLookDownState":"/.editor/InputBindings/FpsLookDown","FirstPersonVelocity":{"x":1.2611686178923354e-44,"y":0.0,"z":-1.2611686178923354e-44},"Camera3DFov":90.0,"Camera3DAspectRatio":1.600000023841858,"Position3D":{"x":5.767215251922607,"y":14.03537368774414,"z":-8.078276634216309},"Scale3D":{"x":1.0,"y":1.0,"z":1.0},"RotationEuler3D":{"x":25.5,"y":-16.0,"z":0.0},"$components":"Stream;Persistance;Hierarchy;Camera;Transform;SceneNode;SimpleSceneRenderer;ScenePicker;FirstPersonController;Camera3D;Transform3D;MemoryStream;"},"/source/game.json/Scenes/Scene_71/MeshInstance_73":{"StreamPath":"memory://4294967356.bin","LocalTransform":[1.0,0.0,0.0,0.0,0.0,1.0,0.0,0.0,0.0,0.0,1.0,0.0,-10.0,-5.0,0.0,1.0],"GlobalTransform":[1.0,0.0,0.0,0.0,0.0,1.0,0.0,0.0,0.0,0.0,1.0,0.0,-10.0,-5.0,0.0,1.0],"MeshInstanceMesh":"/source/game.json/Assets/3x3x3.vox/Chunk_1","MeshInstanceMaterial":"/source/game.json/Assets/3x3x3.vox/Palette","MeshInstanceLayer":0,"Position3D":{"x":-10.0,"y":-5.0,"z":0.0},"Scale3D":{"x":1.0,"y":1.0,"z":1.0},"RotationEuler3D":{"x":0.0,"y":0.0,"z":0.0},"$components":"Stream;Persistance;Hierarchy;Transform;SceneNode;MeshInstance;Transform3D;MemoryStream;"},"/source/game.json/Assets/roguelikeSheet_transparent.png":{"StreamPath":"res://source/roguelikeSheet_transparent.png","$components":"Stream;Persistance;Hierarchy;PersistancePoint;FileStream;"},"/source/game.json/Assets/Textures/roguelikeSheet_transparent.png/Texture":{"StreamPath":"res://source/roguelikeSheet_transparent.png","TextureFormat":50,"TextureFlag":1344,"TextureDynamic":false,"TextureMipLevels":0,"TextureSize2D":{"x":968,"y":526},"$components":"BgfxTexture2D;Stream;Persistance;Hierarchy;Texture;Texture2D;FileStream;"},"/source/game.json/Assets/3x3x3.vox":{"StreamPath":"res://assets/chr_man.vox","$components":"Stream;Persistance;Hierarchy;PersistancePoint;FileStream;"},"/source/game.json/Assets/Materials/SpriteMaterial":{"StreamPath":"memory://4294967386.bin","MaterialVertexShader":"","MaterialPixelShader":"","MaterialDepthTest":16,"MaterialWriteMask":7,"MaterialMultisampleMode":72057594037927936,"MaterialBlendMode":0,"$components":"Stream;Persistance;Hierarchy;Material;MemoryStream;"},"/source/game.json/Assets/Materials/SpriteMaterial/UniformState_121":{"UniformStateUniform":"/.Sprite/TextureUniform","UniformStateVec4":{"x":5.170791333358575e-43,"y":1.401298464324817e-45,"z":0.0,"w":0.0},"UniformStateTexture":"/source/game.json/Assets/roguelikeSheet_transparent.png/Texture","UniformStateStage":0,"$components":"Persistance;Hierarchy;UniformState;"},"/source/game.json/Assets/Materials":{"$components":"Persistance;Hierarchy;"},"/source/game.json/Assets/Materials/VoxelMaterial":{"StreamPath":"memory://4294967380.bin","MaterialVertexShader":"","MaterialPixelShader":"","MaterialDepthTest":16,"MaterialWriteMask":7,"MaterialMultisampleMode":72057594037927936,"MaterialBlendMode":0,"$components":"Stream;Persistance;Hierarchy;Material;MemoryStream;"},"/source/game.json/Conditions":{"$components":"Persistance;Hierarchy;"},"/source/game.json/Conditions/IsInGameState":{"StateValue":0.0,"InvertStateSourceState":"/PlayerContext/VisibilityState","$components":"Persistance;Hierarchy;State;InvertState;"}}